BuyTime:2021-08-28 20:09:19, BuyPrice:0.00354900, BuyQuantity:0.56300000, BuyType:LONG entry signal 1, SellTime:2021-08-28 20:14:32, SellPrice:0.00354700, SellQuantity:0.56300000, SellType:LONG exit signal 1, Outcome:-0.00000113
BuyTime:2021-08-28 20:23:17, BuyPrice:0.00355100, BuyQuantity:0.56300000, BuyType:LONG entry signal 1, SellTime:2021-08-28 21:05:10, SellPrice:0.00356600, SellQuantity:0.56300000, SellType:LONG exit signal 1, Outcome:0.00000845
BuyTime:2021-08-28 21:32:14, BuyPrice:0.00355200, BuyQuantity:0.56300000, BuyType:LONG entry signal 1, SellTime:2021-08-30 13:22:13, SellPrice:0.00359800, SellQuantity:0.56300000, SellType:LONG exit signal 1, Outcome:0.00002590
